4294967279,410
138,7
4294967278,326
4294967279,409
140,7
4294967278,325
140,6
140,5
140,4
140,3
140,2
140,1
4294967294,427
139,4
139,3
139,2
139,1
4294967279,408
138,6
138,5
138,4
138,3
138,2
138,1
137,4
137,3
137,2
137,1
136,4
136,3
136,2
136,1
4294967278,324
4294967279,407
4294967278,323
133,7
135,7
135,6
135,5
135,4
135,3
135,2
135,1
4294967279,406
134,4
134,3
134,2
134,1
133,6
133,5
133,4
133,3
133,2
133,1
132,4
132,3
132,2
132,1
131,4
131,3
131,2
131,1
4294967278,322
128,7
4294967279,405
4294967279,404
130,7
130,6
4294967279,403
130,5
130,4
130,3
130,2
130,1
129,4
129,3
129,2
129,1
128,6
128,5
128,4
128,3
128,2
128,1
127,4
127,3
127,2
127,1
4294967278,321
126,4
126,3
126,2
126,1
4294967279,402
123,9
123,8
4294967278,320
123,7
125,7
125,6
125,5
125,4
125,3
125,2
125,1
124,4
124,3
124,2
124,1
123,6
123,5
123,4
123,3
123,2
123,1
122,4
122,3
122,2
122,1
121,4
121,3
121,2
121,1
4294967279,401
118,7
4294967279,400
4294967279,399
120,7
120,6
120,5
120,4
120,3
120,2
120,1
119,4
119,3
119,2
119,1
118,6
118,5
118,4
118,3
118,2
118,1
117,4
117,3
117,2
117,1
116,4
116,3
116,2
116,1
113,9
113,8
4294967279,398
113,7
115,7
115,6
115,5
115,4
115,3
115,2
115,1
114,4
114,3
114,2
114,1
113,6
113,5
113,4
113,3
113,2
113,1
112,4
112,3
112,2
112,1
4294967279,397
111,4
111,3
111,2
111,1
108,9
108,8
108,7
110,7
110,6
4294967279,396
110,5
110,4
110,3
110,2
110,1
109,4
109,3
109,2
109,1
108,6
108,5
108,4
108,3
108,2
108,1
107,4
107,3
107,2
107,1
106,4
106,3
106,2
106,1
103,9
103,8
103,7
105,7
105,6
105,5
105,4
105,3
105,2
105,1
104,4
104,3
104,2
104,1
103,6
103,5
103,4
103,3
103,2
103,1
102,4
102,3
102,2
102,1
4294967279,395
101,4
101,3
101,2
101,1
4294967279,394
98,9
98,8
4294967279,393
98,7
4294967279,392
100,7
100,6
100,5
100,4
100,3
100,2
100,1
99,4
99,3
99,2
99,1
4294967279,391
98,6
98,5
98,4
98,3
98,2
98,1
97,4
97,3
97,2
97,1
96,4
96,3
96,2
96,1
4294967279,390
4294967279,389
93,9
93,8
4294967279,388
4294967278,137
93,7
4294967278,317
95,7
95,6
95,5
95,4
95,3
95,2
95,1
94,4
94,3
94,2
94,1
93,6
93,5
93,4
93,3
93,2
93,1
92,4
92,3
92,2
92,1
91,4
91,3
91,2
91,1
88,9
88,8
88,7
4294967279,387
90,7
90,6
90,5
90,4
90,3
90,2
90,1
4294967279,386
89,4
89,3
89,2
89,1
88,6
88,5
88,4
88,3
88,2
88,1
87,4
87,3
87,2
87,1
86,4
86,3
86,2
86,1
4294967279,385
83,7
4294967278,312
4294967278,305
85,7
85,6
85,5
85,4
85,3
85,2
85,1
84,4
84,3
84,2
84,1
83,6
83,5
83,4
83,3
83,2
83,1
82,4
82,3
82,2
82,1
81,4
81,3
81,2
81,1
4294967279,384
4294967278,303
4294967278,298
78,9
78,8
78,7
80,7
80,6
4294967278,297
80,5
80,4
80,3
80,2
80,1
79,4
79,3
79,2
79,1
78,6
78,5
78,4
78,3
78,2
78,1
77,4
77,3
77,2
77,1
4294967278,296
76,4
76,3
76,2
76,1
4294967278,295
73,9
73,8
73,7
4294967278,293
75,7
75,6
75,5
75,4
75,3
75,2
75,1
74,4
74,3
74,2
74,1
4294967278,292
73,6
73,5
73,4
73,3
73,2
73,1
72,4
72,3
72,2
72,1
71,4
71,3
71,2
71,1
4294967278,291
4294967279,316
68,9
68,8
4294967279,315
4294967278,290
68,7
4294967279,314
70,7
4294967278,289
70,6
70,5
70,4
70,3
70,2
70,1
69,4
69,3
69,2
69,1
4294967279,312
68,6
68,5
68,4
68,3
68,2
68,1
67,4
4294967278,288
67,3
67,2
